20 40
2 14 3 19
18 17 9 20
8 3 4 6
11 23 3 28
12 6 15 8
11 19 1 26
15 7 12 14
11 21 2 27
1 35 16 38
9 1 15 10
3 34 6 36
10 21 10 23
10 27 6 35
15 12 8 18
6 26 2 35
10 26 0 28
12 20 19 25
12 2 3 7
12 7 15 17
8 2 4 3
4 31 5 34
1 34 0 38
8 22 2 25
12 28 11 33
1 22 12 26
5 17 5 24
19 18 19 24
17 7 19 15
0 18 19 21
18 3 17 8
1 3 5 13
8 15 15 20
9 26 1 33
17 25 2 29
7 22 7 29
0 2 18 12
11 35 15 36
15 35 2 38
8 0 8 6
1 27 1 31
15 2 13 9
12 10 8 13
9 17 2 19
12 22 16 30
17 29 3 32
6 25 7 27
12 4 15 13
10 15 0 22
13 31 0 34
0 0 1 1
19 22 8 25
8 7 1 10
18 15 8 24
6 16 2 18
10 11 6 21
11 27 15 31
12 1 6 9
4 14 10 16
14 22 6 24
6 27 17 30
9 2 3 12
13 28 7 33
16 36 18 39
8 35 14 39
6 29 11 38
12 5 14 9
19 30 2 37
15 4 18 6
10 1 3 11
9 31 19 39
19 12 0 16
4 4 7 13
18 4 1 13
2 33 10 39
18 29 13 30
9 10 1 19
15 27 11 28
18 0 11 3
2 5 2 10
3 30 13 39
