50 100
7 20 22 26
0 92 20 98
13 44 18 53
8 49 29 53
34 52 5 62
11 20 47 30
28 97 5 98
44 33 2 43
40 86 16 93
48 20 47 21
22 69 12 79
5 80 17 85
18 33 13 35
38 41 30 45
15 68 39 74
46 47 29 55
47 39 48 49
45 31 8 36
43 24 2 27
35 30 35 34
46 3 0 6
22 39 15 48
42 96 2 99
13 31 15 33
49 30 48 40
6 8 5 14
12 50 21 56
17 69 8 75
43 15 14 16
24 10 22 18
22 23 38 31
8 77 25 82
43 83 41 91
2 21 32 27
38 81 1 89
3 76 5 78
18 81 10 87
20 26 11 29
11 49 40 51
11 21 26 26
32 75 15 81
2 48 1 52
4 25 40 32
41 13 10 20
39 23 49 28
33 44 7 48
4 61 4 71
38 59 16 63
29 24 37 30
16 37 6 39
48 13 11 17
23 84 32 93
19 79 3 82
28 79 14 81
11 45 33 47
34 10 33 14
3 37 23 43
44 97 11 98
35 55 34 64
29 36 30 43
2 72 8 76
31 73 17 78
18 14 37 15
23 6 15 7
29 92 15 96
31 59 36 69
14 76 30 79
6 52 16 56
34 25 2 29
22 67 6 76
0 68 39 73
37 82 9 84
5 59 5 69
12 96 26 97
3 66 13 70
1 20 25 22
44 22 32 23
8 92 0 96
26 83 44 88
20 70 7 78
18 10 2 14
5 71 48 73
31 95 17 96
14 34 34 36
41 96 38 99
33 43 12 48
29 70 14 74
19 37 28 46
39 30 26 37
16 39 31 46
44 39 27 44
32 31 17 37
22 45 46 50
14 17 32 18
38 91 34 92
8 22 28 29
19 36 23 38
3 40 21 48
45 74 35 79
12 69 46 76
1 29 37 33
1 33 36 35
25 8 45 15
0 52 7 57
43 93 13 99
28 45 42 50
41 48 40 50
33 11 28 16
47 22 19 23
5 88 40 93
27 72 47 78
10 59 47 64
26 59 49 64
7 22 49 32
32 36 42 37
39 71 15 75
32 39 36 47
5 84 48 89
8 16 16 19
7 40 15 49
17 19 30 24
45 72 43 78
32 22 35 29
44 27 16 32
17 14 31 16
46 87 19 93
9 14 35 21
6 28 25 33
20 6 21 9
18 15 43 17
26 18 29 22
4 20 25 21
27 70 43 76
19 72 46 73
24 79 33 80
10 81 12 83
44 75 14 85
8 89 27 94
35 5 25 14
49 63 41 71
31 1 30 9
30 31 0 33
21 94 22 99
45 34 31 44
7 1 10 9
46 51 41 61
6 17 10 25
39 32 1 41
22 85 28 91
29 8 43 14
28 77 29 86
0 88 32 98
44 7 48 14
36 23 4 24
35 53 14 63
46 53 38 57
35 72 13 80
28 48 41 53
22 60 31 69
28 50 1 59
39 91 4 94
0 79 5 81
2 49 17 59
22 4 6 5
27 11 44 16
16 33 11 42
40 70 39 78
13 23 45 30
43 95 1 98
13 56 23 60
46 25 26 28
34 39 5 49
15 56 13 65
16 15 30 16
33 30 7 38
11 24 5 33
40 89 9 91
49 10 12 13
39 13 3 19
27 67 34 70
17 25 37 26
20 62 24 66
27 82 2 92
30 48 21 53
10 47 2 53
45 84 5 91
45 60 49 62
4 40 48 43
4 41 28 43
12 93 4 95
28 66 12 71
31 61 35 71
12 5 9 8
49 67 45 70
25 25 17 34
6 14 47 19
15 36 16 46
21 87 28 92
16 43 3 53
28 57 33 65
9 15 19 20
45 46 32 56
41 7 23 13
44 44 5 51
1 27 35 31
46 65 30 74
46 11 18 13
22 43 5 44
13 78 1 82
4 42 13 47
27 49 48 52
46 36 12 42
5 13 9 21
12 59 1 60
3 64 10 73
33 85 0 90
44 79 13 89
41 65 36 67
37 63 4 65
43 89 8 98
9 13 39 18
14 20 16 27
41 27 35 36
42 12 45 22
14 38 40 39
23 3 26 9
39 43 21 47
36 96 27 98
39 98 37 99
29 62 35 70
21 64 3 65
24 38 9 43
18 19 42 25
39 54 8 57
23 32 10 36
12 43 28 47
37 3 12 9
13 9 46 17
36 3 14 11
40 33 42 40
3 48 42 54
26 8 37 14
25 26 24 29
49 42 3 49
41 90 49 95
43 5 3 15
25 28 41 29
13 72 2 75
32 90 17 99
13 1 2 4
43 12 11 19
35 63 20 66
4 82 43 85
25 81 29 85
36 57 10 60
38 60 8 68
39 53 3 59
42 13 0 19
6 18 40 25
27 53 1 62
47 45 16 49
4 92 46 94
46 98 12 99
41 16 3 20
17 39 34 45
33 89 25 92
42 24 26 31
22 31 30 33
45 65 11 70
35 47 4 50
48 77 48 86
48 96 23 97
43 99 9 100
30 56 0 60
37 5 44 14
0 93 45 95
4 15 24 24
11 90 22 92
1 53 37 59
41 36 49 41
38 36 24 41
46 83 24 91
7 86 17 91
34 65 21 73
6 9 46 18
43 32 25 36
19 57 28 59
17 6 39 11
48 99 17 100
49 87 34 95
37 84 38 93
0 49 16 55
22 91 29 94
46 75 6 77
28 32 34 34
29 50 27 58
17 3 34 5
42 97 3 99
44 74 3 80
48 35 46 40
33 3 4 12
14 27 13 34
34 83 42 92
36 42 6 50
17 10 47 18
3 39 47 44
16 36 21 37
18 29 2 31
15 86 9 95
2 63 6 68
16 88 29 90
5 45 24 47
14 13 5 15
8 6 40 15
23 44 40 52
46 2 45 5
23 74 17 75
44 73 29 77
36 86 32 87
5 5 38 9
46 0 19 4
37 7 22 16
44 26 28 33
40 10 48 12
1 8 35 17
17 66 27 68
16 42 44 46
48 7 12 12
23 28 8 35
4 90 31 98
37 69 36 76
42 32 22 36
48 69 28 72
10 32 18 34
25 43 21 52
8 93 16 95
24 4 33 9
35 75 41 81
20 76 21 86
43 75 6 82
25 46 26 54
9 67 39 76
39 41 13 42
36 44 4 54
12 31 36 33
25 59 12 62
45 48 34 58
11 60 34 62
47 13 3 14
26 85 3 91
30 27 37 31
45 62 18 65
38 18 17 23
45 78 27 85
15 85 31 94
25 47 30 52
14 7 24 15
39 52 48 53
49 23 27 26
22 96 27 99
1 94 21 95
1 25 44 31
35 65 47 70
17 42 49 48
43 62 48 71
24 87 4 96
2 0 18 8
10 12 45 17
6 48 25 50
49 50 48 56
0 28 46 38
48 95 9 98
0 45 20 55
38 78 36 80
13 29 27 34
43 66 26 71
48 30 36 38
15 17 39 25
32 13 0 15
48 1 0 5
6 33 22 37
22 79 22 89
5 10 8 12
23 82 34 89
26 50 23 57
19 40 43 43
12 0 39 6
33 94 12 98
9 69 45 77
22 97 22 98
36 45 8 50
31 43 10 52
49 99 4 100
3 8 23 15
46 39 38 45
28 1 40 4
10 33 21 34
31 79 48 84
13 93 10 99
26 5 28 6
34 9 25 13
31 87 44 94
10 88 41 89
42 7 16 13
10 11 44 15
17 51 49 58
2 25 5 26
3 16 18 25
22 38 39 44
7 70 35 76
16 76 40 81
32 91 27 92
7 83 46 88
15 19 44 20
48 79 42 87
31 84 48 93
9 49 12 54
16 67 5 70
14 37 27 45
3 44 14 52
7 92 15 93
27 33 16 40
21 22 3 30
31 47 26 53
49 54 32 63
32 57 0 65
11 54 37 61
35 67 23 71
2 83 47 89
21 40 12 45
47 20 31 30
31 81 49 89
31 75 48 78
47 1 22 9
25 64 28 65
32 97 0 99
44 30 26 32
2 12 41 17
46 46 24 48
47 59 8 61
37 48 5 57
24 96 14 98
35 15 27 24
13 21 20 22
0 63 22 68
11 85 30 91
42 49 33 56
32 10 42 14
0 58 13 61
42 74 48 83
8 70 44 80
2 89 17 92
37 70 32 72
15 26 42 27
10 17 19 19
30 72 27 73
0 30 47 37
40 35 8 40
31 5 5 7
37 20 31 29
35 33 45 41
12 92 14 94
5 74 1 77
28 40 7 42
42 72 30 82
34 35 25 44
3 92 47 94
17 72 42 77
9 72 38 80
3 72 27 77
7 95 15 97
45 55 30 63
41 57 38 62
16 24 0 27
9 73 19 83
22 55 14 59
30 17 28 25
41 80 47 88
25 17 44 23
24 73 36 78
38 26 3 28
3 2 12 4
28 75 24 78
1 10 41 14
43 1 48 4
38 67 11 76
27 36 6 41
20 73 12 78
8 9 16 17
31 6 12 15
1 61 18 64
39 26 49 34
6 89 18 94
23 67 10 72
28 15 45 19
32 66 38 72
48 82 4 91
26 74 28 76
24 42 7 45
42 82 40 83
